1.016000032424926758e+00 0.000000000000000000e+00
1.016000032424926758e+00 9.639999866485595703e-01
1.016000032424926758e+00 9.679999947547912598e-01
1.016000032424926758e+00 1.001000046730041504e+00
1.016000032424926758e+00 1.019000053405761719e+00
1.016000032424926758e+00 1.077000021934509277e+00
1.016000032424926758e+00 1.070000052452087402e+00
1.016000032424926758e+00 1.095999956130981445e+00
1.016000032424926758e+00 1.113000035285949707e+00
1.016000032424926758e+00 1.138000011444091797e+00
1.016000032424926758e+00 1.146999955177307129e+00
1.011999964714050293e+00 1.164999961853027344e+00
1.001000046730041504e+00 1.217000007629394531e+00
1.029000043869018555e+00 1.217000007629394531e+00
1.042000055313110352e+00 1.162400007247924805e+00
1.046000003814697266e+00 1.162379980087280273e+00
1.055999994277954102e+00 1.162600040435791016e+00
1.097000002861022949e+00 1.164499998092651367e+00
1.108000040054321289e+00 1.165940046310424805e+00
1.116000056266784668e+00 1.165910005569458008e+00
1.133999943733215332e+00 1.168959975242614746e+00
1.148000001907348633e+00 1.171749949455261230e+00
1.161999940872192383e+00 1.175559997558593750e+00
1.180999994277954102e+00 1.182999968528747559e+00
1.182000041007995605e+00 1.183500051498413086e+00
1.184999942779541016e+00 1.184999942779541016e+00
1.190000057220458984e+00 1.187999963760375977e+00
1.195000052452087402e+00 1.190999984741210938e+00
1.200999975204467773e+00 1.195999979972839355e+00
1.208999991416931152e+00 1.202000021934509277e+00
1.215000033378601074e+00 1.207999944686889648e+00
1.222000002861022949e+00 1.213999986648559570e+00
1.228000044822692871e+00 1.220999956130981445e+00
1.233999967575073242e+00 1.230999946594238281e+00
1.238999962806701660e+00 1.238000035285949707e+00
1.241999983787536621e+00 1.243999958038330078e+00
1.248000025749206543e+00 1.253999948501586914e+00
1.258000016212463379e+00 1.277999997138977051e+00
1.263000011444091797e+00 1.289999961853027344e+00
1.279999971389770508e+00 1.330999970436096191e+00
1.279999971389770508e+00 1.347000002861022949e+00
1.279999971389770508e+00 1.348000049591064453e+00
1.309999942779541016e+00 1.348000049591064453e+00
1.327999949455261230e+00 1.348000049591064453e+00
1.360999941825866699e+00 1.348000049591064453e+00
1.379999995231628418e+00 1.348000049591064453e+00
1.419000029563903809e+00 1.348000049591064453e+00
1.419000029563903809e+00 1.309999942779541016e+00
1.371999979019165039e+00 1.309999942779541016e+00
1.371999979019165039e+00 1.292000055313110352e+00
1.608000040054321289e+00 1.095000028610229492e+00
1.646999955177307129e+00 1.077000021934509277e+00
1.784999966621398926e+00 1.077000021934509277e+00
2.069999933242797852e+00 1.039999961853027344e+00
2.128000020980834961e+00 9.929999709129333496e-01
2.244999885559082031e+00 7.089999914169311523e-01
2.299000024795532227e+00 5.787000060081481934e-01
2.275000095367431641e+00 5.787000060081481934e-01
2.253999948501586914e+00 4.501000046730041504e-01
2.361000061035156250e+00 1.855999976396560669e-01
2.364969968795776367e+00 1.330000013113021851e-01
2.365319967269897461e+00 4.399999976158142090e-02
2.365119934082031250e+00 -4.399999976158142090e-02
2.364840030670166016e+00 -1.330000013113021851e-01
2.364330053329467773e+00 -2.220000028610229492e-01
2.362499952316284180e+00 -4.000000059604644775e-01
2.377000093460083008e+00 -3.889999985694885254e-01
2.134000062942504883e+00 -9.729999899864196777e-01
1.786000013351440430e+00 -1.174000024795532227e+00
1.768000006675720215e+00 -1.210999965667724609e+00
1.768000006675720215e+00 -1.250000000000000000e+00
1.682000041007995605e+00 -1.250000000000000000e+00
1.371999979019165039e+00 -1.250000000000000000e+00
1.371999979019165039e+00 -1.328999996185302734e+00
1.419999957084655762e+00 -1.328999996185302734e+00
1.419999957084655762e+00 -1.363000035285949707e+00
1.273000001907348633e+00 -1.363000035285949707e+00
1.152999997138977051e+00 -1.363000035285949707e+00
1.016000032424926758e+00 -1.223000049591064453e+00
1.016000032424926758e+00 -1.223000049591064453e+00
1.016000032424926758e+00 -8.299999833106994629e-01
1.016000032424926758e+00 -8.000000119209289551e-01
1.016000032424926758e+00 -4.149999916553497314e-01
1.016000032424926758e+00 -4.000000059604644775e-01
1.016000032424926758e+00 -1.000000047497451305e-03
1.016000032424926758e+00 0.000000000000000000e+00
